2 1
30 1
47 1
63 1
85 1
98 1
104 1
9 1
41 1
50 1
67 1
88 1
91 1
103 1
106 1
55 1
102 1
137 1
19 1
82 1
90 1
105 1
14 1
25 1
48 1
51 1
73 1
11 1
93 1
1 1
17 1
34 1
46 1
62 1
87 1
107 1
4 1
120 1
39 1
56 1
79 1
119 1
129 1
15 1
16 1
66 1
71 1
80 1
125 1
6 1
23 1
42 1
59 1
60 1
65 1
110 1
114 1
131 1
113 1
3 1
75 1
121 1
26 1
86 1
31 1
37 1
44 1
111 1
128 1
132 1
5 1
22 1
38 1
43 1
24 1
136 2
84 2
12 2
27 2
10 2
77 2
96 2
124 2
13 2
127 2
49 2
76 2
109 2
134 2
28 2
68 2
112 2
117 2
118 2
40 2
122 2
35 2
97 2
94 2
69 2
33 2
52 2
92 2
8 2
58 2
101 3
7 3
89 3
100 3
21 3
64 3
29 3
53 3
115 3
133 3
123 3
130 3
18 4
70 4
126 4
61 4
138 5
32 5
108 6
54 6
99 6
83 6
20 6
45 6
72 7
135 7
95 8
81 8
57 8
78 8
36 9
116 10
74 11
